f32 cameraAnim[] = {
1.000000f, -0.000000f, 0.000000f, -1.138575f,
-0.000000f, 1.000000f, -0.000000f, 1.056076f,
0.000000f, -0.000000f, 1.000000f, -0.323133f,

1.000000f, -0.000000f, 0.000000f, -1.138575f,
-0.000000f, 1.000000f, -0.000000f, 1.056076f,
0.000000f, -0.000000f, 1.000000f, -0.323133f,

1.000000f, -0.000000f, 0.000000f, -1.138575f,
-0.000000f, 1.000000f, -0.000000f, 1.056076f,
0.000000f, -0.000000f, 1.000000f, -0.323133f,

1.000000f, -0.000000f, 0.000000f, -1.138575f,
-0.000000f, 1.000000f, -0.000000f, 1.056076f,
0.000000f, -0.000000f, 1.000000f, -0.323133f,

1.000000f, -0.000000f, 0.000000f, -1.138575f,
-0.000000f, 1.000000f, -0.000000f, 1.056076f,
0.000000f, -0.000000f, 1.000000f, -0.323133f,

1.000000f, -0.000000f, 0.000000f, -1.138575f,
-0.000000f, 1.000000f, -0.000000f, 1.056076f,
0.000000f, -0.000000f, 1.000000f, -0.323133f,

1.000000f, -0.000000f, 0.000000f, -1.138575f,
-0.000000f, 1.000000f, -0.000000f, 1.056076f,
0.000000f, -0.000000f, 1.000000f, -0.323133f,

1.000000f, -0.000000f, 0.000000f, -1.138575f,
-0.000000f, 1.000000f, -0.000000f, 1.056076f,
0.000000f, -0.000000f, 1.000000f, -0.323133f,

1.000000f, -0.000000f, 0.000000f, -1.138575f,
-0.000000f, 1.000000f, -0.000000f, 1.056076f,
0.000000f, -0.000000f, 1.000000f, -0.323133f,

1.000000f, -0.000000f, 0.000000f, -1.138575f,
-0.000000f, 1.000000f, -0.000000f, 1.056076f,
0.000000f, -0.000000f, 1.000000f, -0.323133f,

1.000000f, -0.000000f, 0.000000f, -1.138575f,
-0.000000f, 1.000000f, -0.000000f, 1.056076f,
0.000000f, -0.000000f, 1.000000f, -0.323133f,

1.000000f, -0.000000f, 0.000000f, -1.138575f,
-0.000000f, 1.000000f, -0.000000f, 1.056076f,
0.000000f, -0.000000f, 1.000000f, -0.323133f,

1.000000f, -0.000000f, 0.000000f, -1.138575f,
-0.000000f, 1.000000f, -0.000000f, 1.056076f,
0.000000f, -0.000000f, 1.000000f, -0.323133f,

1.000000f, -0.000000f, 0.000000f, -1.138575f,
-0.000000f, 1.000000f, -0.000000f, 1.056076f,
0.000000f, -0.000000f, 1.000000f, -0.323133f,

1.000000f, -0.000000f, 0.000000f, -1.138575f,
-0.000000f, 1.000000f, -0.000000f, 1.056076f,
0.000000f, -0.000000f, 1.000000f, -0.323133f,

1.000000f, -0.000000f, 0.000000f, -1.138575f,
-0.000000f, 1.000000f, -0.000000f, 1.056076f,
0.000000f, -0.000000f, 1.000000f, -0.323133f,

1.000000f, -0.000000f, 0.000000f, -1.138575f,
-0.000000f, 1.000000f, -0.000000f, 1.056076f,
0.000000f, -0.000000f, 1.000000f, -0.323133f,

1.000000f, -0.000000f, 0.000000f, -1.138575f,
-0.000000f, 1.000000f, -0.000000f, 1.056076f,
0.000000f, -0.000000f, 1.000000f, -0.323133f,

1.000000f, -0.000000f, 0.000000f, -1.138575f,
-0.000000f, 1.000000f, -0.000000f, 1.056076f,
0.000000f, -0.000000f, 1.000000f, -0.323133f,

1.000000f, -0.000000f, 0.000000f, -1.138575f,
-0.000000f, 1.000000f, -0.000000f, 1.056076f,
0.000000f, -0.000000f, 1.000000f, -0.323133f,

1.000000f, -0.000000f, 0.000000f, -1.138575f,
-0.000000f, 1.000000f, -0.000000f, 1.056076f,
0.000000f, -0.000000f, 1.000000f, -0.323133f,

1.000000f, -0.000000f, 0.000000f, -1.138575f,
-0.000000f, 1.000000f, -0.000000f, 1.056076f,
0.000000f, -0.000000f, 1.000000f, -0.323133f,

1.000000f, -0.000000f, 0.000000f, -1.138575f,
-0.000000f, 1.000000f, -0.000000f, 1.056076f,
0.000000f, -0.000000f, 1.000000f, -0.323133f,

0.418980f, -0.373873f, -0.827451f, -0.138526f,
0.801166f, -0.276636f, 0.530666f, -0.524318f,
-0.427304f, -0.885263f, 0.183629f, -0.362522f,

0.418980f, -0.373873f, -0.827451f, -0.138526f,
0.801166f, -0.276636f, 0.530666f, -0.524318f,
-0.427304f, -0.885263f, 0.183629f, -0.362522f,

0.418980f, -0.373873f, -0.827451f, -0.138526f,
0.801166f, -0.276636f, 0.530666f, -0.524318f,
-0.427304f, -0.885263f, 0.183629f, -0.362522f,

0.418980f, -0.373873f, -0.827451f, -0.138526f,
0.801166f, -0.276636f, 0.530666f, -0.524318f,
-0.427304f, -0.885263f, 0.183629f, -0.362522f,

0.418980f, -0.373873f, -0.827451f, -0.138526f,
0.801166f, -0.276636f, 0.530666f, -0.524318f,
-0.427304f, -0.885263f, 0.183629f, -0.362522f,

0.418980f, -0.373873f, -0.827451f, -0.138526f,
0.801166f, -0.276636f, 0.530666f, -0.524318f,
-0.427304f, -0.885263f, 0.183629f, -0.362522f,

0.418980f, -0.373873f, -0.827451f, -0.138526f,
0.801166f, -0.276636f, 0.530666f, -0.524318f,
-0.427304f, -0.885263f, 0.183629f, -0.362522f,

0.418980f, -0.373873f, -0.827451f, -0.138526f,
0.801166f, -0.276636f, 0.530666f, -0.524318f,
-0.427304f, -0.885263f, 0.183629f, -0.362522f,

0.418980f, -0.373873f, -0.827451f, -0.138526f,
0.801166f, -0.276636f, 0.530666f, -0.524318f,
-0.427304f, -0.885263f, 0.183629f, -0.362522f,

0.418980f, -0.373873f, -0.827451f, -0.138526f,
0.801166f, -0.276636f, 0.530666f, -0.524318f,
-0.427304f, -0.885263f, 0.183629f, -0.362522f,

0.418980f, -0.373873f, -0.827451f, -0.138526f,
0.801166f, -0.276636f, 0.530666f, -0.524318f,
-0.427304f, -0.885263f, 0.183629f, -0.362522f,

0.418980f, -0.373873f, -0.827451f, -0.138526f,
0.801166f, -0.276636f, 0.530666f, -0.524318f,
-0.427304f, -0.885263f, 0.183629f, -0.362522f,

0.418980f, -0.373873f, -0.827451f, -0.138526f,
0.801166f, -0.276636f, 0.530666f, -0.524318f,
-0.427304f, -0.885263f, 0.183629f, -0.362522f,

0.418980f, -0.373873f, -0.827451f, -0.138526f,
0.801166f, -0.276636f, 0.530666f, -0.524318f,
-0.427304f, -0.885263f, 0.183629f, -0.362522f,

0.418980f, -0.373873f, -0.827451f, -0.138526f,
0.801166f, -0.276636f, 0.530666f, -0.524318f,
-0.427304f, -0.885263f, 0.183629f, -0.362522f,

0.418980f, -0.373873f, -0.827451f, -0.138526f,
0.801166f, -0.276636f, 0.530666f, -0.524318f,
-0.427304f, -0.885263f, 0.183629f, -0.362522f,

0.418980f, -0.373873f, -0.827451f, -0.138526f,
0.801166f, -0.276636f, 0.530666f, -0.524318f,
-0.427304f, -0.885263f, 0.183629f, -0.362522f,

0.418980f, -0.373873f, -0.827451f, -0.138526f,
0.801166f, -0.276636f, 0.530666f, -0.524318f,
-0.427304f, -0.885263f, 0.183629f, -0.362522f,

0.418980f, -0.373873f, -0.827451f, -0.138526f,
0.801166f, -0.276636f, 0.530666f, -0.524318f,
-0.427304f, -0.885263f, 0.183629f, -0.362522f,

0.418980f, -0.373873f, -0.827451f, -0.138526f,
0.801166f, -0.276636f, 0.530666f, -0.524318f,
-0.427304f, -0.885263f, 0.183629f, -0.362522f,

0.418980f, -0.373873f, -0.827451f, -0.138526f,
0.801166f, -0.276636f, 0.530666f, -0.524318f,
-0.427304f, -0.885263f, 0.183629f, -0.362522f,

0.418980f, -0.373873f, -0.827451f, -0.138526f,
0.801166f, -0.276636f, 0.530666f, -0.524318f,
-0.427304f, -0.885263f, 0.183629f, -0.362522f,

0.418980f, -0.373873f, -0.827451f, -0.138526f,
0.801166f, -0.276636f, 0.530666f, -0.524318f,
-0.427304f, -0.885263f, 0.183629f, -0.362522f,

0.418980f, -0.373873f, -0.827451f, -0.138526f,
0.801166f, -0.276636f, 0.530666f, -0.524318f,
-0.427304f, -0.885263f, 0.183629f, -0.362522f,

0.418980f, -0.373873f, -0.827451f, -0.138526f,
0.801166f, -0.276636f, 0.530666f, -0.524318f,
-0.427304f, -0.885263f, 0.183629f, -0.362522f,

0.418980f, -0.373873f, -0.827451f, -0.138526f,
0.801166f, -0.276636f, 0.530666f, -0.524318f,
-0.427304f, -0.885263f, 0.183629f, -0.362522f,

0.418980f, -0.373873f, -0.827451f, -0.138526f,
0.801166f, -0.276636f, 0.530666f, -0.524318f,
-0.427304f, -0.885263f, 0.183629f, -0.362522f,

0.418980f, -0.373873f, -0.827451f, -0.138526f,
0.801166f, -0.276636f, 0.530666f, -0.524318f,
-0.427304f, -0.885263f, 0.183629f, -0.362522f,

0.418980f, -0.373873f, -0.827451f, -0.138526f,
0.801166f, -0.276636f, 0.530666f, -0.524318f,
-0.427304f, -0.885263f, 0.183629f, -0.362522f,

0.418980f, -0.373873f, -0.827451f, -0.138526f,
0.801166f, -0.276636f, 0.530666f, -0.524318f,
-0.427304f, -0.885263f, 0.183629f, -0.362522f,

0.418980f, -0.373873f, -0.827451f, -0.138526f,
0.801166f, -0.276636f, 0.530666f, -0.524318f,
-0.427304f, -0.885263f, 0.183629f, -0.362522f,

0.418980f, -0.373873f, -0.827451f, -0.138526f,
0.801166f, -0.276636f, 0.530666f, -0.524318f,
-0.427304f, -0.885263f, 0.183629f, -0.362522f,

0.418980f, -0.373873f, -0.827451f, -0.138526f,
0.801166f, -0.276636f, 0.530666f, -0.524318f,
-0.427304f, -0.885263f, 0.183629f, -0.362522f,

0.418980f, -0.373873f, -0.827451f, -0.138526f,
0.801166f, -0.276636f, 0.530666f, -0.524318f,
-0.427304f, -0.885263f, 0.183629f, -0.362522f,

0.418980f, -0.373873f, -0.827451f, -0.138526f,
0.801166f, -0.276636f, 0.530666f, -0.524318f,
-0.427304f, -0.885263f, 0.183629f, -0.362522f,

0.418980f, -0.373873f, -0.827451f, -0.138526f,
0.801166f, -0.276636f, 0.530666f, -0.524318f,
-0.427304f, -0.885263f, 0.183629f, -0.362522f,

0.418980f, -0.373873f, -0.827451f, -0.138526f,
0.801166f, -0.276636f, 0.530666f, -0.524318f,
-0.427304f, -0.885263f, 0.183629f, -0.362522f,

0.418980f, -0.373873f, -0.827451f, -0.138526f,
0.801166f, -0.276636f, 0.530666f, -0.524318f,
-0.427304f, -0.885263f, 0.183629f, -0.362522f,

0.418980f, -0.373873f, -0.827451f, -0.138526f,
0.801166f, -0.276636f, 0.530666f, -0.524318f,
-0.427304f, -0.885263f, 0.183629f, -0.362522f,

0.418980f, -0.373873f, -0.827451f, -0.138526f,
0.801166f, -0.276636f, 0.530666f, -0.524318f,
-0.427304f, -0.885263f, 0.183629f, -0.362522f,

0.418980f, -0.373873f, -0.827451f, -0.138526f,
0.801166f, -0.276636f, 0.530666f, -0.524318f,
-0.427304f, -0.885263f, 0.183629f, -0.362522f,

0.418980f, -0.373873f, -0.827451f, -0.138526f,
0.801166f, -0.276636f, 0.530666f, -0.524318f,
-0.427304f, -0.885263f, 0.183629f, -0.362522f,

1.000000f, -0.000000f, 0.000000f, -1.138575f,
-0.000000f, -0.000000f, 1.000000f, -0.323133f,
0.000000f, -1.000000f, -0.000000f, -1.056076f,

1.000000f, -0.000000f, 0.000000f, -1.138575f,
-0.000000f, -0.000000f, 1.000000f, -0.323133f,
0.000000f, -1.000000f, -0.000000f, -1.056076f,

1.000000f, -0.000000f, 0.000000f, -1.138575f,
-0.000000f, -0.000000f, 1.000000f, -0.323133f,
0.000000f, -1.000000f, -0.000000f, -1.056076f,

1.000000f, -0.000000f, 0.000000f, -1.138575f,
-0.000000f, -0.000000f, 1.000000f, -0.323133f,
0.000000f, -1.000000f, -0.000000f, -1.056076f,

1.000000f, -0.000000f, 0.000000f, -1.138575f,
-0.000000f, -0.000000f, 1.000000f, -0.323133f,
0.000000f, -1.000000f, -0.000000f, -1.056076f,

1.000000f, -0.000000f, 0.000000f, -1.138575f,
-0.000000f, -0.000000f, 1.000000f, -0.323133f,
0.000000f, -1.000000f, -0.000000f, -1.056076f,

1.000000f, -0.000000f, 0.000000f, -1.138575f,
-0.000000f, -0.000000f, 1.000000f, -0.323133f,
0.000000f, -1.000000f, -0.000000f, -1.056076f,

1.000000f, -0.000000f, 0.000000f, -1.138575f,
-0.000000f, -0.000000f, 1.000000f, -0.323133f,
0.000000f, -1.000000f, -0.000000f, -1.056076f,

1.000000f, -0.000000f, 0.000000f, -1.138575f,
-0.000000f, -0.000000f, 1.000000f, -0.323133f,
0.000000f, -1.000000f, -0.000000f, -1.056076f,

1.000000f, -0.000000f, 0.000000f, -1.138575f,
-0.000000f, -0.000000f, 1.000000f, -0.323133f,
0.000000f, -1.000000f, -0.000000f, -1.056076f,

1.000000f, -0.000000f, 0.000000f, -1.138575f,
-0.000000f, -0.000000f, 1.000000f, -0.323133f,
0.000000f, -1.000000f, -0.000000f, -1.056076f,

1.000000f, -0.000000f, 0.000000f, -1.138575f,
-0.000000f, -0.000000f, 1.000000f, -0.323133f,
0.000000f, -1.000000f, -0.000000f, -1.056076f,

1.000000f, -0.000000f, 0.000000f, -1.138575f,
-0.000000f, -0.000000f, 1.000000f, -0.323133f,
0.000000f, -1.000000f, -0.000000f, -1.056076f,

1.000000f, -0.000000f, 0.000000f, -1.138575f,
-0.000000f, -0.000000f, 1.000000f, -0.323133f,
0.000000f, -1.000000f, -0.000000f, -1.056076f,

1.000000f, -0.000000f, 0.000000f, -1.138575f,
-0.000000f, -0.000000f, 1.000000f, -0.323133f,
0.000000f, -1.000000f, -0.000000f, -1.056076f,

1.000000f, -0.000000f, 0.000000f, -1.138575f,
-0.000000f, -0.000000f, 1.000000f, -0.323133f,
0.000000f, -1.000000f, -0.000000f, -1.056076f,

1.000000f, -0.000000f, 0.000000f, -1.138575f,
-0.000000f, -0.000000f, 1.000000f, -0.323133f,
0.000000f, -1.000000f, -0.000000f, -1.056076f,

1.000000f, -0.000000f, 0.000000f, -1.138575f,
-0.000000f, -0.000000f, 1.000000f, -0.323133f,
0.000000f, -1.000000f, -0.000000f, -1.056076f,

1.000000f, -0.000000f, 0.000000f, -1.138575f,
-0.000000f, -0.000000f, 1.000000f, -0.323133f,
0.000000f, -1.000000f, -0.000000f, -1.056076f,

1.000000f, -0.000000f, 0.000000f, -1.138575f,
-0.000000f, -0.000000f, 1.000000f, -0.323133f,
0.000000f, -1.000000f, -0.000000f, -1.056076f,

1.000000f, -0.000000f, 0.000000f, -1.138575f,
-0.000000f, -0.000000f, 1.000000f, -0.323133f,
0.000000f, -1.000000f, -0.000000f, -1.056076f,

1.000000f, -0.000000f, 0.000000f, -1.138575f,
-0.000000f, -0.000000f, 1.000000f, -0.323133f,
0.000000f, -1.000000f, -0.000000f, -1.056076f,

1.000000f, -0.000000f, 0.000000f, -1.138575f,
-0.000000f, -0.000000f, 1.000000f, -0.323133f,
0.000000f, -1.000000f, -0.000000f, -1.056076f,

1.000000f, -0.000000f, 0.000000f, -1.138575f,
-0.000000f, -0.000000f, 1.000000f, -0.323133f,
0.000000f, -1.000000f, -0.000000f, -1.056076f,

1.000000f, -0.000000f, 0.000000f, -1.138575f,
-0.000000f, -0.000000f, 1.000000f, -0.323133f,
0.000000f, -1.000000f, -0.000000f, -1.056076f,

1.000000f, -0.000000f, 0.000000f, -1.138575f,
-0.000000f, -0.000000f, 1.000000f, -0.323133f,
0.000000f, -1.000000f, -0.000000f, -1.056076f,

1.000000f, -0.000000f, 0.000000f, -1.138575f,
-0.000000f, -0.000000f, 1.000000f, -0.323133f,
0.000000f, -1.000000f, -0.000000f, -1.056076f,

1.000000f, -0.000000f, 0.000000f, -1.138575f,
-0.000000f, -0.000000f, 1.000000f, -0.323133f,
0.000000f, -1.000000f, -0.000000f, -1.056076f,

1.000000f, -0.000000f, 0.000000f, -1.138575f,
-0.000000f, -0.000000f, 1.000000f, -0.323133f,
0.000000f, -1.000000f, -0.000000f, -1.056076f,

1.000000f, -0.000000f, 0.000000f, -1.138575f,
-0.000000f, -0.000000f, 1.000000f, -0.323133f,
0.000000f, -1.000000f, -0.000000f, -1.056076f,

1.000000f, -0.000000f, 0.000000f, -1.138575f,
-0.000000f, -0.000000f, 1.000000f, -0.323133f,
0.000000f, -1.000000f, -0.000000f, -1.056076f,

1.000000f, -0.000000f, 0.000000f, -1.138575f,
-0.000000f, -0.000000f, 1.000000f, -0.323133f,
0.000000f, -1.000000f, -0.000000f, -1.056076f,

1.000000f, -0.000000f, 0.000000f, -1.138575f,
-0.000000f, -0.000000f, 1.000000f, -0.323133f,
0.000000f, -1.000000f, -0.000000f, -1.056076f,

1.000000f, -0.000000f, 0.000000f, -1.138575f,
-0.000000f, -0.000000f, 1.000000f, -0.323133f,
0.000000f, -1.000000f, -0.000000f, -1.056076f,

1.000000f, -0.000000f, 0.000000f, -1.138575f,
-0.000000f, -0.000000f, 1.000000f, -0.323133f,
0.000000f, -1.000000f, -0.000000f, -1.056076f,

1.000000f, -0.000000f, 0.000000f, -1.138575f,
-0.000000f, -0.000000f, 1.000000f, -0.323133f,
0.000000f, -1.000000f, -0.000000f, -1.056076f,

1.000000f, -0.000000f, 0.000000f, -1.138575f,
-0.000000f, -0.000000f, 1.000000f, -0.323133f,
0.000000f, -1.000000f, -0.000000f, -1.056076f,

1.000000f, -0.000000f, 0.000000f, -1.138575f,
-0.000000f, -0.000000f, 1.000000f, -0.323133f,
0.000000f, -1.000000f, -0.000000f, -1.056076f,

1.000000f, -0.000000f, 0.000000f, -1.138575f,
-0.000000f, -0.000000f, 1.000000f, -0.323133f,
0.000000f, -1.000000f, -0.000000f, -1.056076f,

1.000000f, -0.000000f, 0.000000f, -1.138575f,
-0.000000f, -0.000000f, 1.000000f, -0.323133f,
0.000000f, -1.000000f, -0.000000f, -1.056076f,

1.000000f, -0.000000f, 0.000000f, -1.138575f,
-0.000000f, -0.000000f, 1.000000f, -0.323133f,
0.000000f, -1.000000f, -0.000000f, -1.056076f,

1.000000f, -0.000000f, 0.000000f, -1.138575f,
-0.000000f, -0.000000f, 1.000000f, -0.323133f,
0.000000f, -1.000000f, -0.000000f, -1.056076f,

1.000000f, -0.000000f, 0.000000f, -1.138575f,
-0.000000f, -0.000000f, 1.000000f, -0.323133f,
0.000000f, -1.000000f, -0.000000f, -1.056076f,

0.895712f, 0.444635f, -0.000000f, 0.002552f,
0.186503f, -0.375709f, 0.907777f, -0.026697f,
0.403629f, -0.813107f, -0.419452f, -1.711983f,

0.895712f, 0.444635f, -0.000000f, 0.002552f,
0.186503f, -0.375709f, 0.907777f, -0.026697f,
0.403629f, -0.813107f, -0.419452f, -1.711983f,

0.895712f, 0.444635f, -0.000000f, 0.002552f,
0.186503f, -0.375709f, 0.907777f, -0.026697f,
0.403629f, -0.813107f, -0.419452f, -1.711983f,

0.895712f, 0.444635f, -0.000000f, 0.002552f,
0.186503f, -0.375709f, 0.907777f, -0.026697f,
0.403629f, -0.813107f, -0.419452f, -1.711983f,

0.895712f, 0.444635f, -0.000000f, 0.002552f,
0.186503f, -0.375709f, 0.907777f, -0.026697f,
0.403629f, -0.813107f, -0.419452f, -1.711983f,

0.895712f, 0.444635f, -0.000000f, 0.002552f,
0.186503f, -0.375709f, 0.907777f, -0.026697f,
0.403629f, -0.813107f, -0.419452f, -1.711983f,

0.895712f, 0.444635f, -0.000000f, 0.002552f,
0.186503f, -0.375709f, 0.907777f, -0.026697f,
0.403629f, -0.813107f, -0.419452f, -1.711983f,

0.895712f, 0.444635f, -0.000000f, 0.002552f,
0.186503f, -0.375709f, 0.907777f, -0.026697f,
0.403629f, -0.813107f, -0.419452f, -1.711983f,

0.895712f, 0.444635f, -0.000000f, 0.002552f,
0.186503f, -0.375709f, 0.907777f, -0.026697f,
0.403629f, -0.813107f, -0.419452f, -1.711983f,

0.895712f, 0.444635f, -0.000000f, 0.002552f,
0.186503f, -0.375709f, 0.907777f, -0.026697f,
0.403629f, -0.813107f, -0.419452f, -1.711983f,

0.895712f, 0.444635f, -0.000000f, 0.002552f,
0.186503f, -0.375709f, 0.907777f, -0.026697f,
0.403629f, -0.813107f, -0.419452f, -1.711983f,

0.895712f, 0.444635f, -0.000000f, 0.002552f,
0.186503f, -0.375709f, 0.907777f, -0.026697f,
0.403629f, -0.813107f, -0.419452f, -1.711983f,

0.895712f, 0.444635f, -0.000000f, 0.002552f,
0.186503f, -0.375709f, 0.907777f, -0.026697f,
0.403629f, -0.813107f, -0.419452f, -1.711983f,

0.895712f, 0.444635f, -0.000000f, 0.002552f,
0.186503f, -0.375709f, 0.907777f, -0.026697f,
0.403629f, -0.813107f, -0.419452f, -1.711983f,

0.895712f, 0.444635f, -0.000000f, 0.002552f,
0.186503f, -0.375709f, 0.907777f, -0.026697f,
0.403629f, -0.813107f, -0.419452f, -1.711983f,

0.895712f, 0.444635f, -0.000000f, 0.002552f,
0.186503f, -0.375709f, 0.907777f, -0.026697f,
0.403629f, -0.813107f, -0.419452f, -1.711983f,

0.895712f, 0.444635f, -0.000000f, 0.002552f,
0.186503f, -0.375709f, 0.907777f, -0.026697f,
0.403629f, -0.813107f, -0.419452f, -1.711983f,

0.895712f, 0.444635f, -0.000000f, 0.002552f,
0.186503f, -0.375709f, 0.907777f, -0.026697f,
0.403629f, -0.813107f, -0.419452f, -1.711983f,

0.895712f, 0.444635f, -0.000000f, 0.002552f,
0.186503f, -0.375709f, 0.907777f, -0.026697f,
0.403629f, -0.813107f, -0.419452f, -1.711983f,

0.895712f, 0.444635f, -0.000000f, 0.002552f,
0.186503f, -0.375709f, 0.907777f, -0.026697f,
0.403629f, -0.813107f, -0.419452f, -1.711983f,

0.895712f, 0.444635f, -0.000000f, 0.002552f,
0.186503f, -0.375709f, 0.907777f, -0.026697f,
0.403629f, -0.813107f, -0.419452f, -1.711983f,

0.895712f, 0.444635f, -0.000000f, 0.002552f,
0.186503f, -0.375709f, 0.907777f, -0.026697f,
0.403629f, -0.813107f, -0.419452f, -1.711983f,

0.895712f, 0.444635f, -0.000000f, 0.002552f,
0.186503f, -0.375709f, 0.907777f, -0.026697f,
0.403629f, -0.813107f, -0.419452f, -1.711983f,

0.895712f, 0.444635f, -0.000000f, 0.002552f,
0.186503f, -0.375709f, 0.907777f, -0.026697f,
0.403629f, -0.813107f, -0.419452f, -1.711983f,

0.895712f, 0.444635f, -0.000000f, 0.002552f,
0.186503f, -0.375709f, 0.907777f, -0.026697f,
0.403629f, -0.813107f, -0.419452f, -1.711983f,

0.895712f, 0.444635f, -0.000000f, 0.002552f,
0.186503f, -0.375709f, 0.907777f, -0.026697f,
0.403629f, -0.813107f, -0.419452f, -1.711983f,

0.895712f, 0.444635f, -0.000000f, 0.002552f,
0.186503f, -0.375709f, 0.907777f, -0.026697f,
0.403629f, -0.813107f, -0.419452f, -1.711983f,

0.895712f, 0.444635f, -0.000000f, 0.002552f,
0.186503f, -0.375709f, 0.907777f, -0.026697f,
0.403629f, -0.813107f, -0.419452f, -1.711983f,

0.895712f, 0.444635f, -0.000000f, 0.002552f,
0.186503f, -0.375709f, 0.907777f, -0.026697f,
0.403629f, -0.813107f, -0.419452f, -1.711983f,

0.895712f, 0.444635f, -0.000000f, 0.002552f,
0.186503f, -0.375709f, 0.907777f, -0.026697f,
0.403629f, -0.813107f, -0.419452f, -1.711983f,

0.895712f, 0.444635f, -0.000000f, 0.002552f,
0.186503f, -0.375709f, 0.907777f, -0.026697f,
0.403629f, -0.813107f, -0.419452f, -1.711983f,

0.895712f, 0.444635f, -0.000000f, 0.002552f,
0.186503f, -0.375709f, 0.907777f, -0.026697f,
0.403629f, -0.813107f, -0.419452f, -1.711983f,

0.895712f, 0.444635f, -0.000000f, 0.002552f,
0.186503f, -0.375709f, 0.907777f, -0.026697f,
0.403629f, -0.813107f, -0.419452f, -1.711983f,

0.895712f, 0.444635f, -0.000000f, 0.002552f,
0.186503f, -0.375709f, 0.907777f, -0.026697f,
0.403629f, -0.813107f, -0.419452f, -1.711983f,

0.895712f, 0.444635f, -0.000000f, 0.002552f,
0.186503f, -0.375709f, 0.907777f, -0.026697f,
0.403629f, -0.813107f, -0.419452f, -1.711983f,

0.895712f, 0.444635f, -0.000000f, 0.002552f,
0.186503f, -0.375709f, 0.907777f, -0.026697f,
0.403629f, -0.813107f, -0.419452f, -1.711983f,

0.895712f, 0.444635f, -0.000000f, 0.002552f,
0.186503f, -0.375709f, 0.907777f, -0.026697f,
0.403629f, -0.813107f, -0.419452f, -1.711983f,

0.895712f, 0.444635f, -0.000000f, 0.002552f,
0.186503f, -0.375709f, 0.907777f, -0.026697f,
0.403629f, -0.813107f, -0.419452f, -1.711983f,

0.895712f, 0.444635f, -0.000000f, 0.002552f,
0.186503f, -0.375709f, 0.907777f, -0.026697f,
0.403629f, -0.813107f, -0.419452f, -1.711983f,

0.895712f, 0.444635f, -0.000000f, 0.002552f,
0.186503f, -0.375709f, 0.907777f, -0.026697f,
0.403629f, -0.813107f, -0.419452f, -1.711983f,

0.895712f, 0.444635f, -0.000000f, 0.002552f,
0.186503f, -0.375709f, 0.907777f, -0.026697f,
0.403629f, -0.813107f, -0.419452f, -1.711983f,

0.988253f, -0.087029f, -0.125629f, -2.887104f,
0.106276f, -0.199393f, 0.974139f, -0.013947f,
-0.109828f, -0.976047f, -0.187802f, -1.162057f,

0.988253f, -0.087029f, -0.125629f, -2.887104f,
0.106276f, -0.199393f, 0.974139f, -0.013947f,
-0.109828f, -0.976047f, -0.187802f, -1.162057f,

0.988253f, -0.087029f, -0.125629f, -2.887104f,
0.106276f, -0.199393f, 0.974139f, -0.013947f,
-0.109828f, -0.976047f, -0.187802f, -1.162057f,

0.988253f, -0.087029f, -0.125629f, -2.887104f,
0.106276f, -0.199393f, 0.974139f, -0.013947f,
-0.109828f, -0.976047f, -0.187802f, -1.162057f,

0.988253f, -0.087029f, -0.125629f, -2.887104f,
0.106276f, -0.199393f, 0.974139f, -0.013947f,
-0.109828f, -0.976047f, -0.187802f, -1.162057f,

0.988253f, -0.087029f, -0.125629f, -2.887104f,
0.106276f, -0.199393f, 0.974139f, -0.013947f,
-0.109828f, -0.976047f, -0.187802f, -1.162057f,

0.988253f, -0.087029f, -0.125629f, -2.887104f,
0.106276f, -0.199393f, 0.974139f, -0.013947f,
-0.109828f, -0.976047f, -0.187802f, -1.162057f,

0.988253f, -0.087029f, -0.125629f, -2.887104f,
0.106276f, -0.199393f, 0.974139f, -0.013947f,
-0.109828f, -0.976047f, -0.187802f, -1.162057f,

0.988253f, -0.087029f, -0.125629f, -2.887104f,
0.106276f, -0.199393f, 0.974139f, -0.013947f,
-0.109828f, -0.976047f, -0.187802f, -1.162057f,

0.988253f, -0.087029f, -0.125629f, -2.887104f,
0.106276f, -0.199393f, 0.974139f, -0.013947f,
-0.109828f, -0.976047f, -0.187802f, -1.162057f,

0.988253f, -0.087029f, -0.125629f, -2.887104f,
0.106276f, -0.199393f, 0.974139f, -0.013947f,
-0.109828f, -0.976047f, -0.187802f, -1.162057f,

0.988253f, -0.087029f, -0.125629f, -2.887104f,
0.106276f, -0.199393f, 0.974139f, -0.013947f,
-0.109828f, -0.976047f, -0.187802f, -1.162057f,

0.988253f, -0.087029f, -0.125629f, -2.887104f,
0.106276f, -0.199393f, 0.974139f, -0.013947f,
-0.109828f, -0.976047f, -0.187802f, -1.162057f,

0.988253f, -0.087029f, -0.125629f, -2.887104f,
0.106276f, -0.199393f, 0.974139f, -0.013947f,
-0.109828f, -0.976047f, -0.187802f, -1.162057f,

0.988253f, -0.087029f, -0.125629f, -2.887104f,
0.106276f, -0.199393f, 0.974139f, -0.013947f,
-0.109828f, -0.976047f, -0.187802f, -1.162057f,

0.988253f, -0.087029f, -0.125629f, -2.887104f,
0.106276f, -0.199393f, 0.974139f, -0.013947f,
-0.109828f, -0.976047f, -0.187802f, -1.162057f,

0.988253f, -0.087029f, -0.125629f, -2.887104f,
0.106276f, -0.199393f, 0.974139f, -0.013947f,
-0.109828f, -0.976047f, -0.187802f, -1.162057f,

0.988253f, -0.087029f, -0.125629f, -2.887104f,
0.106276f, -0.199393f, 0.974139f, -0.013947f,
-0.109828f, -0.976047f, -0.187802f, -1.162057f,

0.988253f, -0.087029f, -0.125629f, -2.887104f,
0.106276f, -0.199393f, 0.974139f, -0.013947f,
-0.109828f, -0.976047f, -0.187802f, -1.162057f,

0.988253f, -0.087029f, -0.125629f, -2.887104f,
0.106276f, -0.199393f, 0.974139f, -0.013947f,
-0.109828f, -0.976047f, -0.187802f, -1.162057f,

0.988253f, -0.087029f, -0.125629f, -2.887104f,
0.106276f, -0.199393f, 0.974139f, -0.013947f,
-0.109828f, -0.976047f, -0.187802f, -1.162057f,

0.988253f, -0.087029f, -0.125629f, -2.887104f,
0.106276f, -0.199393f, 0.974139f, -0.013947f,
-0.109828f, -0.976047f, -0.187802f, -1.162057f,

0.988253f, -0.087029f, -0.125629f, -2.887104f,
0.106276f, -0.199393f, 0.974139f, -0.013947f,
-0.109828f, -0.976047f, -0.187802f, -1.162057f,

0.988253f, -0.087029f, -0.125629f, -2.887104f,
0.106276f, -0.199393f, 0.974139f, -0.013947f,
-0.109828f, -0.976047f, -0.187802f, -1.162057f,

0.924673f, -0.380638f, 0.009697f, -1.447959f,
0.176027f, 0.449922f, 0.875548f, 0.250435f,
-0.337629f, -0.807889f, 0.483033f, -3.117841f,

0.924714f, -0.380532f, 0.009945f, -1.445368f,
0.176110f, 0.450827f, 0.875066f, 0.250579f,
-0.337474f, -0.807434f, 0.483902f, -3.113244f,

0.924755f, -0.380427f, 0.010194f, -1.442778f,
0.176194f, 0.451732f, 0.874582f, 0.250714f,
-0.337319f, -0.806978f, 0.484770f, -3.108649f,

0.924795f, -0.380322f, 0.010442f, -1.440189f,
0.176277f, 0.452636f, 0.874098f, 0.250838f,
-0.337165f, -0.806521f, 0.485637f, -3.104058f,

0.924836f, -0.380216f, 0.010690f, -1.437602f,
0.176360f, 0.453539f, 0.873613f, 0.250951f,
-0.337010f, -0.806063f, 0.486504f, -3.099470f,

0.924876f, -0.380111f, 0.010939f, -1.435016f,
0.176443f, 0.454442f, 0.873127f, 0.251055f,
-0.336856f, -0.805604f, 0.487371f, -3.094884f,

0.924917f, -0.380005f, 0.011187f, -1.432433f,
0.176525f, 0.455345f, 0.872640f, 0.251148f,
-0.336701f, -0.805144f, 0.488236f, -3.090302f,

0.924957f, -0.379900f, 0.011435f, -1.429850f,
0.176608f, 0.456247f, 0.872152f, 0.251231f,
-0.336547f, -0.804683f, 0.489102f, -3.085722f,

0.924997f, -0.379794f, 0.011684f, -1.427269f,
0.176690f, 0.457148f, 0.871663f, 0.251303f,
-0.336394f, -0.804221f, 0.489967f, -3.081144f,

0.925038f, -0.379688f, 0.011932f, -1.424690f,
0.176772f, 0.458049f, 0.871173f, 0.251365f,
-0.336240f, -0.803758f, 0.490831f, -3.076572f,

0.925078f, -0.379583f, 0.012180f, -1.422112f,
0.176854f, 0.458950f, 0.870682f, 0.251417f,
-0.336086f, -0.803295f, 0.491695f, -3.072001f,

0.925118f, -0.379477f, 0.012429f, -1.419536f,
0.176936f, 0.459850f, 0.870191f, 0.251458f,
-0.335933f, -0.802830f, 0.492558f, -3.067434f,

0.925158f, -0.379372f, 0.012677f, -1.416961f,
0.177018f, 0.460749f, 0.869698f, 0.251489f,
-0.335780f, -0.802364f, 0.493421f, -3.062869f,

0.925197f, -0.379266f, 0.012926f, -1.414388f,
0.177100f, 0.461648f, 0.869205f, 0.251510f,
-0.335627f, -0.801897f, 0.494283f, -3.058308f,

0.925237f, -0.379160f, 0.013174f, -1.411816f,
0.177181f, 0.462546f, 0.868711f, 0.251520f,
-0.335474f, -0.801429f, 0.495145f, -3.053750f,

0.925277f, -0.379054f, 0.013422f, -1.409246f,
0.177263f, 0.463444f, 0.868215f, 0.251520f,
-0.335321f, -0.800960f, 0.496006f, -3.049195f,

0.925317f, -0.378949f, 0.013671f, -1.406677f,
0.177344f, 0.464341f, 0.867719f, 0.251511f,
-0.335169f, -0.800491f, 0.496867f, -3.044643f,

0.925356f, -0.378843f, 0.013919f, -1.404110f,
0.177425f, 0.465238f, 0.867222f, 0.251490f,
-0.335016f, -0.800020f, 0.497727f, -3.040094f,

0.925396f, -0.378737f, 0.014167f, -1.401545f,
0.177506f, 0.466134f, 0.866724f, 0.251460f,
-0.334864f, -0.799548f, 0.498587f, -3.035549f,

0.925435f, -0.378631f, 0.014416f, -1.398981f,
0.177587f, 0.467030f, 0.866225f, 0.251419f,
-0.334712f, -0.799075f, 0.499446f, -3.031007f,

0.925475f, -0.378525f, 0.014664f, -1.396418f,
0.177667f, 0.467925f, 0.865725f, 0.251368f,
-0.334561f, -0.798602f, 0.500304f, -3.026467f,

0.925514f, -0.378419f, 0.014912f, -1.393857f,
0.177748f, 0.468820f, 0.865225f, 0.251307f,
-0.334409f, -0.798127f, 0.501162f, -3.021932f,

0.925553f, -0.378313f, 0.015161f, -1.391298f,
0.177828f, 0.469714f, 0.864723f, 0.251235f,
-0.334258f, -0.797652f, 0.502020f, -3.017399f,

0.925593f, -0.378208f, 0.015409f, -1.388740f,
0.177908f, 0.470607f, 0.864221f, 0.251153f,
-0.334106f, -0.797175f, 0.502877f, -3.012870f,

0.925632f, -0.378101f, 0.015657f, -1.386184f,
0.177988f, 0.471500f, 0.863717f, 0.251061f,
-0.333955f, -0.796697f, 0.503733f, -3.008343f,

0.925671f, -0.377996f, 0.015906f, -1.383629f,
0.178068f, 0.472393f, 0.863213f, 0.250959f,
-0.333804f, -0.796219f, 0.504589f, -3.003821f,

0.925710f, -0.377889f, 0.016154f, -1.381076f,
0.178148f, 0.473285f, 0.862708f, 0.250847f,
-0.333654f, -0.795739f, 0.505444f, -2.999301f,

0.925749f, -0.377783f, 0.016402f, -1.378524f,
0.178227f, 0.474176f, 0.862202f, 0.250724f,
-0.333503f, -0.795259f, 0.506299f, -2.994785f,

0.925788f, -0.377677f, 0.016651f, -1.375974f,
0.178307f, 0.475067f, 0.861695f, 0.250591f,
-0.333353f, -0.794777f, 0.507154f, -2.990272f,

0.925826f, -0.377571f, 0.016899f, -1.373425f,
0.178386f, 0.475958f, 0.861187f, 0.250449f,
-0.333203f, -0.794295f, 0.508007f, -2.985763f,

0.925865f, -0.377465f, 0.017147f, -1.370878f,
0.178465f, 0.476847f, 0.860678f, 0.250296f,
-0.333053f, -0.793812f, 0.508861f, -2.981256f,

0.925904f, -0.377359f, 0.017396f, -1.368333f,
0.178544f, 0.477737f, 0.860168f, 0.250132f,
-0.332903f, -0.793327f, 0.509713f, -2.976754f,

0.925942f, -0.377253f, 0.017644f, -1.365789f,
0.178623f, 0.478625f, 0.859658f, 0.249959f,
-0.332753f, -0.792842f, 0.510566f, -2.972255f,

0.925981f, -0.377146f, 0.017892f, -1.363247f,
0.178702f, 0.479513f, 0.859146f, 0.249776f,
-0.332604f, -0.792356f, 0.511417f, -2.967759f,

0.926019f, -0.377040f, 0.018141f, -1.360705f,
0.178780f, 0.480401f, 0.858634f, 0.249582f,
-0.332454f, -0.791869f, 0.512268f, -2.963267f,

0.926058f, -0.376934f, 0.018389f, -1.358166f,
0.178859f, 0.481288f, 0.858121f, 0.249378f,
-0.332305f, -0.791380f, 0.513119f, -2.958778f,

0.926096f, -0.376827f, 0.018637f, -1.355628f,
0.178937f, 0.482175f, 0.857607f, 0.249164f,
-0.332156f, -0.790891f, 0.513968f, -2.954292f,

0.926134f, -0.376721f, 0.018886f, -1.353092f,
0.179015f, 0.483061f, 0.857091f, 0.248940f,
-0.332007f, -0.790401f, 0.514818f, -2.949811f,

0.926172f, -0.376615f, 0.019134f, -1.350558f,
0.179093f, 0.483946f, 0.856575f, 0.248706f,
-0.331859f, -0.789910f, 0.515667f, -2.945332f,

0.926210f, -0.376508f, 0.019382f, -1.348025f,
0.179171f, 0.484831f, 0.856059f, 0.248462f,
-0.331710f, -0.789418f, 0.516515f, -2.940857f,

0.926248f, -0.376402f, 0.019631f, -1.345493f,
0.179249f, 0.485715f, 0.855541f, 0.248208f,
-0.331562f, -0.788925f, 0.517363f, -2.936386f,

0.926286f, -0.376295f, 0.019879f, -1.342963f,
0.179327f, 0.486599f, 0.855022f, 0.247943f,
-0.331414f, -0.788431f, 0.518210f, -2.931918f,

0.926324f, -0.376189f, 0.020127f, -1.340435f,
0.179404f, 0.487482f, 0.854503f, 0.247669f,
-0.331266f, -0.787936f, 0.519057f, -2.927454f,

0.926362f, -0.376082f, 0.020376f, -1.337908f,
0.179482f, 0.488365f, 0.853982f, 0.247385f,
-0.331119f, -0.787440f, 0.519903f, -2.922994f,

0.926400f, -0.375976f, 0.020624f, -1.335382f,
0.179559f, 0.489247f, 0.853461f, 0.247090f,
-0.330971f, -0.786943f, 0.520748f, -2.918537f,

0.926437f, -0.375869f, 0.020872f, -1.332859f,
0.179636f, 0.490129f, 0.852939f, 0.246785f,
-0.330824f, -0.786445f, 0.521593f, -2.914083f,

0.926475f, -0.375763f, 0.021121f, -1.330336f,
0.179713f, 0.491010f, 0.852416f, 0.246471f,
-0.330677f, -0.785946f, 0.522438f, -2.909634f,

0.926513f, -0.375656f, 0.021369f, -1.327816f,
0.179790f, 0.491890f, 0.851892f, 0.246146f,
-0.330530f, -0.785447f, 0.523282f, -2.905188f,

0.926550f, -0.375549f, 0.021617f, -1.325296f,
0.179866f, 0.492770f, 0.851367f, 0.245811f,
-0.330383f, -0.784946f, 0.524125f, -2.900745f,

0.926588f, -0.375443f, 0.021866f, -1.322779f,
0.179943f, 0.493650f, 0.850841f, 0.245467f,
-0.330236f, -0.784444f, 0.524968f, -2.896307f,

0.926625f, -0.375336f, 0.022114f, -1.320263f,
0.180019f, 0.494528f, 0.850314f, 0.245112f,
-0.330090f, -0.783942f, 0.525810f, -2.891872f,

0.926662f, -0.375229f, 0.022362f, -1.317749f,
0.180096f, 0.495406f, 0.849787f, 0.244747f,
-0.329944f, -0.783438f, 0.526652f, -2.887441f,

0.926699f, -0.375123f, 0.022611f, -1.315236f,
0.180172f, 0.496284f, 0.849258f, 0.244373f,
-0.329797f, -0.782934f, 0.527493f, -2.883013f,

0.926737f, -0.375016f, 0.022859f, -1.312724f,
0.180248f, 0.497161f, 0.848729f, 0.243988f,
-0.329652f, -0.782428f, 0.528333f, -2.878590f,

0.926774f, -0.374909f, 0.023107f, -1.310215f,
0.180324f, 0.498038f, 0.848199f, 0.243593f,
-0.329506f, -0.781922f, 0.529173f, -2.874170f,

0.926811f, -0.374802f, 0.023356f, -1.307706f,
0.180400f, 0.498914f, 0.847668f, 0.243189f,
-0.329360f, -0.781414f, 0.530013f, -2.869754f,

0.926847f, -0.374695f, 0.023604f, -1.305200f,
0.180475f, 0.499789f, 0.847136f, 0.242774f,
-0.329215f, -0.780906f, 0.530851f, -2.865342f,

0.926884f, -0.374589f, 0.023852f, -1.302695f,
0.180551f, 0.500664f, 0.846603f, 0.242350f,
-0.329070f, -0.780397f, 0.531690f, -2.860934f,

0.926921f, -0.374482f, 0.024100f, -1.300191f,
0.180626f, 0.501538f, 0.846070f, 0.241915f,
-0.328925f, -0.779887f, 0.532527f, -2.856529f,

0.926958f, -0.374375f, 0.024349f, -1.297689f,
0.180701f, 0.502412f, 0.845535f, 0.241471f,
-0.328780f, -0.779375f, 0.533364f, -2.852129f,

0.926994f, -0.374268f, 0.024597f, -1.295189f,
0.180776f, 0.503285f, 0.845000f, 0.241016f,
-0.328635f, -0.778863f, 0.534201f, -2.847732f,

0.927031f, -0.374161f, 0.024845f, -1.292690f,
0.180851f, 0.504157f, 0.844463f, 0.240552f,
-0.328491f, -0.778350f, 0.535037f, -2.843339f,

0.927068f, -0.374054f, 0.025094f, -1.290193f,
0.180926f, 0.505029f, 0.843926f, 0.240078f,
-0.328347f, -0.777836f, 0.535872f, -2.838950f,

0.927104f, -0.373947f, 0.025342f, -1.287697f,
0.181001f, 0.505901f, 0.843388f, 0.239594f,
-0.328203f, -0.777321f, 0.536707f, -2.834565f,

0.927140f, -0.373840f, 0.025590f, -1.285203f,
0.181076f, 0.506772f, 0.842849f, 0.239100f,
-0.328059f, -0.776805f, 0.537542f, -2.830184f,

0.927177f, -0.373733f, 0.025839f, -1.282710f,
0.181150f, 0.507642f, 0.842309f, 0.238596f,
-0.327915f, -0.776289f, 0.538375f, -2.825807f,

0.927213f, -0.373625f, 0.026087f, -1.280219f,
0.181225f, 0.508512f, 0.841768f, 0.238083f,
-0.327771f, -0.775771f, 0.539208f, -2.821433f,

0.927249f, -0.373518f, 0.026335f, -1.277730f,
0.181299f, 0.509380f, 0.841227f, 0.237559f,
-0.327628f, -0.775252f, 0.540041f, -2.817064f,

0.927285f, -0.373411f, 0.026583f, -1.275242f,
0.181373f, 0.510249f, 0.840684f, 0.237025f,
-0.327485f, -0.774732f, 0.540873f, -2.812698f,

0.927321f, -0.373304f, 0.026832f, -1.272756f,
0.181447f, 0.511117f, 0.840141f, 0.236483f,
-0.327342f, -0.774212f, 0.541704f, -2.808338f,

0.927357f, -0.373197f, 0.027080f, -1.270271f,
0.181521f, 0.511984f, 0.839597f, 0.235929f,
-0.327199f, -0.773690f, 0.542535f, -2.803981f,

0.927393f, -0.373089f, 0.027328f, -1.267788f,
0.181595f, 0.512851f, 0.839051f, 0.235367f,
-0.327057f, -0.773168f, 0.543365f, -2.799628f,

0.927429f, -0.372982f, 0.027577f, -1.265306f,
0.181668f, 0.513717f, 0.838505f, 0.234794f,
-0.326914f, -0.772644f, 0.544195f, -2.795279f,

0.927464f, -0.372875f, 0.027825f, -1.262826f,
0.181742f, 0.514583f, 0.837959f, 0.234211f,
-0.326772f, -0.772120f, 0.545024f, -2.790934f,

0.927500f, -0.372768f, 0.028073f, -1.260348f,
0.181815f, 0.515448f, 0.837411f, 0.233619f,
-0.326630f, -0.771595f, 0.545853f, -2.786593f,

0.927536f, -0.372660f, 0.028321f, -1.257871f,
0.181888f, 0.516312f, 0.836862f, 0.233017f,
-0.326488f, -0.771068f, 0.546680f, -2.782256f,

0.927571f, -0.372553f, 0.028570f, -1.255396f,
0.181961f, 0.517176f, 0.836313f, 0.232405f,
-0.326346f, -0.770541f, 0.547508f, -2.777924f,

0.927607f, -0.372445f, 0.028818f, -1.252922f,
0.182034f, 0.518039f, 0.835762f, 0.231783f,
-0.326205f, -0.770013f, 0.548334f, -2.773596f,

0.927642f, -0.372338f, 0.029066f, -1.250449f,
0.182107f, 0.518902f, 0.835211f, 0.231152f,
-0.326063f, -0.769484f, 0.549161f, -2.769272f,

0.927677f, -0.372230f, 0.029315f, -1.247979f,
0.182180f, 0.519764f, 0.834659f, 0.230511f,
-0.325922f, -0.768954f, 0.549986f, -2.764952f,

0.927713f, -0.372123f, 0.029563f, -1.245510f,
0.182253f, 0.520625f, 0.834106f, 0.229860f,
-0.325781f, -0.768423f, 0.550811f, -2.760636f,

0.927748f, -0.372015f, 0.029811f, -1.243042f,
0.182325f, 0.521486f, 0.833552f, 0.229199f,
-0.325640f, -0.767891f, 0.551635f, -2.756324f,

0.927783f, -0.371908f, 0.030059f, -1.240577f,
0.182398f, 0.522347f, 0.832998f, 0.228529f,
-0.325500f, -0.767358f, 0.552459f, -2.752018f,

0.927818f, -0.371800f, 0.030308f, -1.238112f,
0.182470f, 0.523206f, 0.832442f, 0.227848f,
-0.325359f, -0.766824f, 0.553282f, -2.747714f,

0.927853f, -0.371693f, 0.030556f, -1.235650f,
0.182542f, 0.524065f, 0.831886f, 0.227158f,
-0.325219f, -0.766290f, 0.554105f, -2.743416f,

0.927888f, -0.371585f, 0.030804f, -1.233188f,
0.182614f, 0.524924f, 0.831329f, 0.226459f,
-0.325079f, -0.765754f, 0.554927f, -2.739121f,

0.927923f, -0.371477f, 0.031052f, -1.230729f,
0.182686f, 0.525782f, 0.830770f, 0.225750f,
-0.324939f, -0.765218f, 0.555749f, -2.734831f,

0.927957f, -0.371370f, 0.031301f, -1.228271f,
0.182758f, 0.526639f, 0.830211f, 0.225030f,
-0.324800f, -0.764680f, 0.556569f, -2.730545f,

0.927992f, -0.371262f, 0.031549f, -1.225814f,
0.182830f, 0.527496f, 0.829652f, 0.224302f,
-0.324660f, -0.764142f, 0.557389f, -2.726264f,

0.928027f, -0.371154f, 0.031797f, -1.223360f,
0.182901f, 0.528352f, 0.829091f, 0.223564f,
-0.324521f, -0.763603f, 0.558209f, -2.721986f,

0.928061f, -0.371047f, 0.032045f, -1.220906f,
0.182973f, 0.529207f, 0.828529f, 0.222816f,
-0.324382f, -0.763062f, 0.559028f, -2.717714f,

0.928096f, -0.370939f, 0.032294f, -1.218455f,
0.183044f, 0.530062f, 0.827967f, 0.222058f,
-0.324243f, -0.762521f, 0.559847f, -2.713446f,

0.928130f, -0.370831f, 0.032542f, -1.216005f,
0.183116f, 0.530916f, 0.827403f, 0.221291f,
-0.324104f, -0.761979f, 0.560664f, -2.709181f,

0.928164f, -0.370723f, 0.032790f, -1.213556f,
0.183187f, 0.531770f, 0.826839f, 0.220514f,
-0.323965f, -0.761436f, 0.561482f, -2.704922f,

0.928199f, -0.370615f, 0.033038f, -1.211109f,
0.183258f, 0.532623f, 0.826274f, 0.219727f,
-0.323827f, -0.760892f, 0.562298f, -2.700666f,

0.928233f, -0.370507f, 0.033287f, -1.208664f,
0.183329f, 0.533476f, 0.825709f, 0.218931f,
-0.323689f, -0.760347f, 0.563114f, -2.696416f,

0.928267f, -0.370400f, 0.033535f, -1.206220f,
0.183399f, 0.534327f, 0.825142f, 0.218126f,
-0.323551f, -0.759802f, 0.563930f, -2.692170f,

0.928301f, -0.370292f, 0.033783f, -1.203778f,
0.183470f, 0.535179f, 0.824574f, 0.217310f,
-0.323413f, -0.759255f, 0.564744f, -2.687928f,

0.928335f, -0.370184f, 0.034031f, -1.201337f,
0.183541f, 0.536029f, 0.824006f, 0.216485f,
-0.323275f, -0.758707f, 0.565559f, -2.683690f,

0.928369f, -0.370076f, 0.034280f, -1.198899f,
0.183611f, 0.536879f, 0.823436f, 0.215651f,
-0.323138f, -0.758159f, 0.566372f, -2.679458f,

0.928403f, -0.369968f, 0.034528f, -1.196461f,
0.183682f, 0.537729f, 0.822866f, 0.214807f,
-0.323000f, -0.757609f, 0.567185f, -2.675230f,

0.928437f, -0.369860f, 0.034776f, -1.194025f,
0.183752f, 0.538578f, 0.822295f, 0.213953f,
-0.322863f, -0.757059f, 0.567998f, -2.671006f,

0.928470f, -0.369752f, 0.035024f, -1.191591f,
0.183822f, 0.539426f, 0.821723f, 0.213090f,
-0.322726f, -0.756508f, 0.568809f, -2.666787f,

0.928504f, -0.369643f, 0.035272f, -1.189158f,
0.183892f, 0.540273f, 0.821151f, 0.212217f,
-0.322590f, -0.755955f, 0.569620f, -2.662572f,

0.928537f, -0.369535f, 0.035521f, -1.186727f,
0.183962f, 0.541120f, 0.820577f, 0.211335f,
-0.322453f, -0.755402f, 0.570431f, -2.658362f,

0.928571f, -0.369427f, 0.035769f, -1.184298f,
0.184032f, 0.541967f, 0.820003f, 0.210443f,
-0.322317f, -0.754848f, 0.571241f, -2.654157f,

0.928604f, -0.369319f, 0.036017f, -1.181870f,
0.184102f, 0.542812f, 0.819427f, 0.209542f,
-0.322181f, -0.754293f, 0.572050f, -2.649956f,

0.928638f, -0.369211f, 0.036265f, -1.179444f,
0.184171f, 0.543658f, 0.818851f, 0.208631f,
-0.322045f, -0.753737f, 0.572859f, -2.645760f,

0.928671f, -0.369103f, 0.036513f, -1.177019f,
0.184241f, 0.544502f, 0.818274f, 0.207711f,
-0.321909f, -0.753181f, 0.573667f, -2.641569f,

0.928704f, -0.368994f, 0.036762f, -1.174596f,
0.184310f, 0.545346f, 0.817697f, 0.206781f,
-0.321773f, -0.752623f, 0.574475f, -2.637382f,

0.928737f, -0.368886f, 0.037010f, -1.172174f,
0.184380f, 0.546189f, 0.817118f, 0.205842f,
-0.321638f, -0.752064f, 0.575281f, -2.633200f,

0.928771f, -0.368778f, 0.037258f, -1.169755f,
0.184449f, 0.547032f, 0.816538f, 0.204893f,
-0.321503f, -0.751505f, 0.576088f, -2.629022f,

0.928804f, -0.368670f, 0.037506f, -1.167336f,
0.184518f, 0.547874f, 0.815958f, 0.203935f,
-0.321368f, -0.750944f, 0.576893f, -2.624850f,

0.928837f, -0.368561f, 0.037755f, -1.164919f,
0.184587f, 0.548715f, 0.815377f, 0.202968f,
